    0.0241046
     0.162634
     0.525905
      1.22867
      2.01186
      2.71208
      3.53203
      4.46114
      5.50121
      6.98149
      9.11423
      11.4599
      13.1512
      14.3334
      15.4047
      16.0303
  1.63433e-05
   0.00142749
    0.0199247
     0.129567
     0.362078
     0.640788
      1.03274
      1.53200
      2.11677
      2.79506
      3.38158
      3.61741
      3.45838
      2.91795
      2.31163
      2.08866
  3.63206e-06
  0.000910760
    0.0162671
     0.118144
     0.341668
     0.617783
      1.00336
      1.41945
      1.57977
     0.760694
     -1.66515
     -4.63458
     -6.22810
     -5.78359
     -3.25344
     -1.03062
  1.32995e-05
   0.00186548
    0.0283768
     0.201113
     0.566954
     0.893536
      1.02467
     0.525986
    -0.921884
     -3.14020
     -4.13311
     -1.33630
      2.67727
      4.76190
      3.98714
      2.00845
 -4.82983e-06
   0.00137811
    0.0307919
     0.229044
     0.581152
     0.707964
     0.406733
    -0.487566
     -1.50964
     -1.06407
      1.67731
      3.65383
      2.08797
     -2.64105
     -7.22540
     -8.35641
 -1.71038e-05
  -0.00235283
   -0.0435778
    -0.307302
    -0.701676
    -0.576918
     0.333663
      1.61824
      1.72778
    -0.632332
     -2.93651
   -0.0561528
      4.25177
      2.64755
     -3.52724
     -7.53984
  4.21949e-05
   0.00494832
    0.0815626
     0.425697
     0.617435
    -0.129936
     -1.30711
     -1.18703
      1.16445
      2.58557
     -1.44940
     -4.02155
      1.37264
      4.61487
     0.244434
     -5.20762
